83
77
93
86
49
62
90
63
40
72
11
67
82
62
67
29
22
69
93
11
29
21
84
98
15
13
91
56
62
96
5
84
36
46
13
24
82
14
34
43
87
76
88
3
54
32
76
39
26
94
95
34
67
97
17
52
1
86
65
44
40
31
97
81
9
67
97
86
6
19
28
32
3
70
8
40
96
18
46
21
79
64
41
93
34
24
87
43
27
59
32
37
75
74
58
29
35
18
43
28
76
43
13
6
4
28
69
17
24
70
90
72
44
5
54
69
42
97
55
48
22
99
46
40
11
5
61
78
20
44
22
8
82
24
62
0
52
79
68
73
81
33
60
99
99
59
13
90
26
84
90
76
36
45
79
87
48
59
36
42
6
13
21
19
21
39
40
5
27
84
20
22
96
30
92
72
25
22
40
98
98
24
9
19
32
94
79
73
50
60
79
93
21
4
61
26
44
2
84
42
28
72
58
36
53
3
33
90
67
68
0
88
49
3
63
53
86
52
75
57
36
14
60
28
50
56
94
99
39
28
0
47
59
35
39
15
4
49
85
43
77
38
49
67
92
43
29
82
41
26
61
60
23
81
90
96
77
90
24
14
5
12
0
26
16
78
46
47
51
31
57
12
14
12
12
10
89
55
20
87
38
70
56
6
49
5
17
45
73
73
89
7
57
71
0
18
25
74
57
93
