86
15
35
92
21
27
59
26
26
36
68
29
30
23
35
2
58
67
56
42
73
19
37
24
70
26
80
73
70
81
25
27
5
29
57
95
45
67
64
50
8
78
84
51
99
60
68
12
86
39
70
78
1
2
92
56
80
41
89
19
29
17
71
75
27
56
53
65
83
24
71
29
19
68
15
49
23
45
51
55
88
28
50
0
64
14
56
91
65
36
51
28
7
21
95
37
93
28
11
29
4
63
38
40
18
88
17
96
43
83
99
25
90
39
86
82
64
7
4
11
28
43
68
22
10
1
30
5
36
26
65
16
58
37
24
36
99
50
71
31
30
94
63
81
96
73
68
95
66
40
84
42
7
56
18
12
72
9
10
87
1
72
55
99
4
11
67
28
50
58
24
69
81
84
72
50
85
99
42
13
90
90
81
36
55
4
69
76
55
42
84
5
67
13
54
59
2
6
21
68
89
8
98
8
48
33
48
54
46
29
46
97
90
33
97
92
25
96
88
29
60
21
4
27
48
2
97
43
2
3
81
38
51
34
92
27
29
64
29
35
0
71
89
88
95
44
90
40
69
32
42
17
61
9
25
67
34
26
57
68
58
86
46
94
52
29
90
70
80
93
27
86
55
90
79
69
74
41
33
88
66
84
17
60
37
59
18
83
58
37
83
78
14
29
59
38
88
33
81
58
